gau10: 12.310491510030964
gau30: 4.704445636166229
sp010: -1.0526176122152129
sp005: 1.9299813261310608
bf_3x3_gau10: 17.757750267122205
bf_3x3_gau30: 11.552234300597156
bf_3x3_sp010: 6.335515502766262
bf_3x3_sp005: 9.479812521163117
bf_5x5_gau10: 14.76648404925516
bf_5x5_gau30: 13.26793979565929
bf_5x5_sp010: 8.786991880138876
bf_5x5_sp005: 11.538056544849756
mf_3x3_gau10: 17.40066418852793
mf_3x3_gau30: 10.522733507113198
mf_3x3_sp010: 13.291710617002355
mf_3x3_sp005: 15.098567250893154
mf_5x5_gau10: 15.722987856723964
mf_5x5_gau30: 12.561111414110592
mf_5x5_sp010: 14.444248060119047
mf_5x5_sp005: 14.876460646231177
opening-then-closing_gau10: 12.380123887086835
opening-then-closing_gau30: 11.155206485590693
closing-then-opening_gau10: 12.963058478403685
closing-then-opening_gau30: 11.194464034650306
opening-then-closing_sp010: -2.100768421975137
opening-then-closing_sp005: 5.687533224330408
closing-then-opening_sp010: -2.399042408283116
closing-then-opening_sp005: 5.258137896577111
